t # 1
v 0 1
v 1 1
v 2 1
v 3 1
v 4 2
v 5 1
v 6 1
v 7 1
v 8 3
v 9 1
v 10 1
v 11 1
v 12 2
v 13 2
v 14 2
v 15 1
v 16 1
v 17 1
v 18 1
v 19 1
v 20 1
v 21 1
v 22 1
v 23 1
v 24 1
v 25 1
v 26 1
v 27 1
v 28 1
v 29 1
v 30 1
v 31 1
v 32 1
v 33 1
v 34 1
v 35 1
v 36 1
v 37 1
v 38 1
e 0 1 2
e 0 2 1
e 1 3 1
e 2 4 2
e 2 5 1
e 3 6 2
e 3 7 1
e 4 8 1
e 5 9 1
e 6 10 1
e 7 11 2
e 8 12 1
e 8 13 1
e 8 14 1
e 9 13 2
e 9 15 1
e 10 16 2
e 11 16 1
e 12 17 2
e 14 18 2
e 15 19 2
e 15 20 1
e 17 21 1
e 17 22 1
e 18 21 1
e 18 23 1
e 19 24 1
e 20 25 2
e 22 26 2
e 22 27 1
e 23 28 2
e 24 29 2
e 25 29 1
e 26 30 1
e 27 31 2
e 28 32 1
e 30 33 2
e 31 33 1
e 32 34 2
e 32 35 1
e 34 36 1
e 35 37 2
e 36 38 2
e 37 38 1